   5.2641331e+02   1.1297273e+03   1.9350920e+03   1.9451892e+03   2.8466323e+02   1.9512047e+03   4.7628568e-14   1.2629897e-11   1.0000000e+00   3.2482567e-01
   5.2810247e+02   1.1211181e+03   1.9522385e+03   1.9402394e+03   4.2331621e+02   1.9567191e+03   3.7472803e-12   6.1284311e-14   1.0000000e+00   9.2754529e-01
   7.2304740e+02   1.2630236e+03   1.5725788e+03   1.6279073e+02   1.8595882e+03   1.5591982e+03   7.4384943e-15   3.3193004e-11   1.0000000e+00             Inf
   7.3528686e+02   1.2375936e+03   1.5665438e+03   1.6042005e+02   1.8656739e+03   1.5160990e+03   3.1086245e-14   1.8125057e-11   1.0000000e+00   5.7340021e-01
   7.0194073e+02   1.8054654e+03   7.3411790e+02   2.1372845e+02   1.5626689e+03   7.8280248e+02   2.3514524e-13   5.0563997e-12   1.0000000e+00   4.4391034e-01
   6.7758994e+02   1.7999750e+03   6.8102121e+02   2.8150384e+02   1.5584480e+03   7.8179425e+02   3.9357406e-14   1.4399149e-11   1.0000000e+00   1.6925118e-01
   5.3257250e+02   1.1456966e+03   1.8994820e+03   2.0000000e+03   3.5504156e+02   1.9122823e+03   4.5304871e-12   8.4376950e-15   1.0000000e+00             Inf
   1.4449530e+03   8.7961433e+01   5.2727968e+02   1.4220404e+02   2.6751997e+02   1.6613312e+03   4.8272497e-13   1.0911272e-12   1.0000000e+00   9.2702256e-01
   7.3845538e+02   1.2638271e+03   1.6508120e+03   1.6091093e+02   1.8576195e+03   1.5627936e+03   5.7531757e-13   1.9491075e-12   2.0000000e+00   1.2409750e-01
   6.7760482e+02   1.8000038e+03   6.8110226e+02   2.8133455e+02   1.5584398e+03   7.8193201e+02   1.7830182e-12   1.1022294e-12   2.0000000e+00   4.0363735e-01
   6.7505693e+02   1.8040299e+03   7.2568050e+02   2.1224877e+02   1.5643523e+03   7.7673139e+02   3.0297986e-13   6.9726447e-12   2.0000000e+00   3.5292958e-02
   5.5760560e+02   1.1105990e+03   2.0000000e+03   1.9217831e+03   2.7967704e+02   1.9484683e+03   2.6001423e-13   1.2392309e-11   2.0000000e+00   9.9855328e-03
   1.6859843e+03   1.9061321e+03   1.3740081e+03   9.0642542e+01   1.6447215e+03   1.8653154e+03   5.0247584e-12   8.9439567e-13   2.0000000e+00   1.8643488e-01
   6.7520156e+02   1.8142365e+03   7.3423592e+02   2.2125820e+02   1.5636393e+03   7.8131808e+02   6.4532824e-12   7.7360340e-13   2.0000000e+00   2.1691024e-01
   5.2612578e+02   1.1272389e+03   1.9181825e+03   1.9345944e+03   2.8791816e+02   1.9341912e+03   7.9936058e-14   2.8179237e-11   2.0000000e+00   1.0119951e+00
   5.1530978e+02   1.1195917e+03   1.9003111e+03   1.9255880e+03   3.0779018e+02   1.9351233e+03   4.5952686e-12   1.0000889e-12   2.0000000e+00   3.2516848e-01
   1.6896156e+03   1.8339215e+03   1.3758870e+03   1.0851206e+02   1.6213638e+03   1.8583810e+03   2.7255975e-14   1.6900885e-09   2.0000000e+00             Inf
   9.9924286e+02   3.2613460e+02   1.9579276e+03   1.4346374e+03   1.0037555e+03   9.1870642e+02   1.0000445e-11   1.1546319e-13   2.0000000e+00             Inf
   6.7471231e+02   1.7986572e+03   6.7741076e+02   2.7655590e+02   1.5580046e+03   7.7551981e+02   2.3819835e-13   1.2870593e-11   2.0000000e+00   4.0787393e-03
   1.6336392e+03   1.5908767e+03   1.2904809e+03   7.5129038e+02   1.6399787e+03   1.0003887e+03   7.1839201e-12   1.9539925e-13   2.0000000e+00   3.5605928e-01
   6.7940719e+02   1.7968949e+03   7.5483849e+02   3.0212835e+02   1.5870003e+03   7.9190553e+02   5.7104321e-13   5.4525273e-12   2.0000000e+00   3.0279538e-02
   6.8797493e+02   1.8086774e+03   6.2055358e+02   3.0482391e+02   1.5558079e+03   7.7387328e+02   2.3536728e-13   1.5108803e-11   2.0000000e+00   2.4927288e-02
   6.7470135e+02   1.8016421e+03   6.7695350e+02   2.7906267e+02   1.5579522e+03   7.7612316e+02   1.3522516e-12   2.3230307e-12   3.0000000e+00   3.8911512e-01
   5.3439618e+02   1.1211170e+03   1.8749170e+03   1.9333656e+03   3.2977433e+02   1.9684521e+03   1.2008727e-12   2.7116087e-12   3.0000000e+00   5.0606845e-02
   6.7806143e+02   1.8026883e+03   6.7712388e+02   2.8255850e+02   1.5559127e+03   7.8453069e+02   8.9073193e-13   4.9982241e-12   3.0000000e+00   2.2345063e-01
   5.2739610e+02   1.1445727e+03   1.8734574e+03   1.9810767e+03   3.1887480e+02   1.9159499e+03   4.3687831e-12   1.2376766e-12   3.0000000e+00   9.3006286e-01
   4.6895464e+02   1.1343366e+03   1.9043724e+03   1.9592204e+03   2.6432654e+02   1.9602428e+03   9.3067776e-12   1.9895197e-13   3.0000000e+00             Inf
   7.0630092e+02   1.8001529e+03   7.4313626e+02   2.4296626e+02   1.5622764e+03   7.8542632e+02   3.6465275e-13   1.1195933e-11   3.0000000e+00   1.4493771e-01
   7.3696919e+02   1.2512371e+03   1.5604549e+03   1.6225154e+02   1.8587719e+03   1.5514254e+03   1.5382140e-13   3.1689762e-11   3.0000000e+00   5.0007265e-01
   6.7638368e+02   1.8152855e+03   6.7086460e+02   2.8089415e+02   1.5510502e+03   8.1144947e+02   1.2950752e-13   3.3755221e-11   3.0000000e+00             Inf
   5.2321737e+02   1.1541871e+03   1.9651975e+03   1.9935213e+03   2.9503880e+02   1.9470150e+03   3.4705572e-13   1.2971846e-11   3.0000000e+00   1.9783229e-01
   5.5732274e+02   1.0936046e+03   1.9152002e+03   1.9297892e+03   3.1547024e+02   1.9412847e+03   2.9304337e-13   1.7572610e-11   3.0000000e+00   5.7886259e-01
   6.7973358e+02   1.8144891e+03   7.2413367e+02   2.5831977e+02   1.5606896e+03   7.8929365e+02   3.8641312e-13   7.9878326e-12   3.0000000e+00   1.5192334e-01
   7.0240967e+02   1.7839182e+03   7.6280241e+02   4.3400012e+02   1.5574444e+03   7.8345982e+02   3.7642112e-13   8.2156504e-12   3.0000000e+00   9.7974726e-02
   6.5002049e+02   1.7936627e+03   6.7777062e+02   2.7701723e+02   1.5720038e+03   7.8169282e+02   1.1201595e-12   3.1725733e-12   3.0000000e+00   1.0193717e-01
   4.8997916e+02   8.0685240e+02   2.1693960e+02   2.3953383e+02   1.9404178e+03   1.9151526e+03   1.2041479e-12   4.1531223e-12   4.0000000e+00   7.8434891e-02
   5.5699644e+02   1.0937630e+03   1.9150137e+03   1.9297771e+03   3.1522616e+02   1.9411856e+03   1.5474844e-12   2.4371616e-12   4.0000000e+00   4.7689705e-01
   5.2599489e+02   1.1467155e+03   1.8714898e+03   1.9813196e+03   3.1899632e+02   1.9158772e+03   1.5294432e-12   4.0727421e-12   4.0000000e+00   3.5334068e-02
   1.6320835e+03   1.5853748e+03   1.2780662e+03   7.5385218e+02   1.6233869e+03   1.0554292e+03   6.2310712e-12   1.3815615e-12   4.0000000e+00   5.7694457e-01
   1.4549953e+03   6.2701563e+01   5.2804414e+02   1.4204025e+02   2.5812469e+02   1.6535249e+03   9.7205577e-13   6.4956929e-12   4.0000000e+00   1.9318690e-01
   5.1212566e+02   1.1215696e+03   1.9013860e+03   1.9183923e+03   3.6777958e+02   1.9100687e+03   7.5729978e-12   1.2927437e-12   4.0000000e+00   3.9341016e-01
   6.8550305e+02   1.7839081e+03   8.0442300e+02   3.0418371e+02   1.6222186e+03   7.9362091e+02   1.4341306e-12   4.1064929e-12   4.0000000e+00   3.1423407e-02
   7.2423277e+02   1.9897300e+03   1.0704836e+02   1.7197050e+03   1.8631908e+03   1.5695002e+03   1.0904777e-11   2.0117241e-13   4.0000000e+00             Inf
   7.3704718e+02   1.2547511e+03   1.6511499e+03   1.7777873e+02   1.9779019e+03   1.5617488e+03   1.4382939e-13   6.7512218e-11   4.0000000e+00             Inf
   6.8803567e+02   1.8086861e+03   6.2241351e+02   3.0436044e+02   1.5560314e+03   7.7335067e+02   1.5409896e-13   5.6598726e-11   4.0000000e+00   6.1759075e-01
   6.7757140e+02   1.7999727e+03   6.8105189e+02   2.8138836e+02   1.5584440e+03   7.8191927e+02   3.0675462e-13   2.6960656e-11   4.0000000e+00   5.1908078e-01
   6.3013412e+02   1.1106935e+03   1.9475431e+03   1.9768456e+03   4.2716779e+02   1.9564024e+03   1.0322687e-11   4.9427129e-13   4.0000000e+00   3.2583447e-01
   5.2608243e+02   1.0977002e+03   1.8904051e+03   1.9874777e+03   3.3403996e+02   1.8981134e+03   4.7106763e-13   2.3641533e-11   4.0000000e+00   2.2904452e-01
   7.0695658e+02   1.8661665e+03   7.4778269e+02   3.3343363e+02   1.5960703e+03   7.5204491e+02   5.4306559e-13   1.3021584e-11   4.0000000e+00   3.0128164e-01
   7.3089074e+02   1.9902427e+03   1.0657585e+02   1.7051096e+03   1.8621078e+03   1.5691895e+03   7.2587492e-12   1.7248425e-12   5.0000000e+00             Inf
